1440.0000
1288.9791
1146.9628
1013.6489
888.7397
771.9420
662.9672
561.5312
467.3545
380.1620
299.6832
225.6520
157.8072
95.8915
39.6528
-11.1569
-56.7810
-97.4583
-133.4231
-164.9052
-192.1298
-215.3177
-234.6851
-250.4437
-262.8005
-271.9583
-278.1151
-281.4645
-282.1955
-280.4927
-276.5361
-270.5010
-262.5586
-252.8751
-241.6125
-228.9281
-214.9748
-199.9008
-183.8500
-166.9616
-149.3703
-131.2064
-112.5956
-93.6589
-74.5130
-55.2700
-36.0374
-16.9184
 1.9885
20.5894
38.7949
56.5198
73.6839
90.2113
106.0305
121.0748
135.2818
148.5937
160.9573
172.3239
182.6493
191.8937
200.0221
207.0037
212.8125
217.4269
220.8299
223.0090
223.9561
223.6677
222.1450
219.3935
215.4233
210.2491
203.8900
196.3698
187.7165
177.9630
167.1465
155.3089
142.4963
128.7598
114.1546
98.7406
82.5824
65.7487
48.3132
30.3537
11.9529
-6.8023
-25.8201
-45.0046
-64.2552
-83.4665
-102.5290
-121.3284
-139.7461
-157.6587
-174.9384
-191.4530
-207.0655
-221.6347
-235.0146
-247.0548
-257.6003
-266.4918
-273.5651
-278.6517
-281.5787
-282.1684
-280.2386
-275.6030
-268.0701
-257.4443
-243.5255
-226.1089
-204.9852
-179.9407
-150.7570
-117.2113
-79.0762
-36.1198
11.8943
65.2070
124.0638
188.7147
259.4142
336.4215
